MIV  1Polaris                 78,45       66,10      3,0   1,0   1,0  R  B     88,5771,58    10,003,51,97
MIV  2Yildun                  81,09       69,94      1,5   1,0   1,0  R  B     91,20  72410,111,003,04,35
MIV  3? Ursa Minoris          89,02       73,92      1,5   1,0   1,0  R  B     99,14          2,002,54,21
MIV  4Alifa                  107,29       75,12      1,5   1,0   1,0  R  B    117,40          3,002,04,28
MIV  5Anwar                  110,20       77,83      1,5   1,0   1,0  R  B    120,31          4,001,54,95
MIV  6Kochab                 123,21       72,99      2,5   1,0   1,0  R  B    133,32          5,001,52,07
MIV  7Pherkad                131,48       75,24      2,0   1,0   1,0  R  B    141,60          6,001,53,00
MAV  1Dubhe                  125,08       49,68      3,0   1,0   1,0  R  B    135,20                 1,81
MAV  2Merak                  129,32       45,13      2,5   1,0   1,0  R  B    139,44                 2,34
MAV  3Megrez                 140,95       51,66      2,0   1,0   1,0  R  B    151,06                 3,32
MAV  4Phecda                 140,36       47,14      2,5   1,0   1,0  R  B    150,48                 2,44
MAV  5Alioth                 148,82       54,32      3,0   1,0   1,0  R  B    158,93                 1,76
MAV  6Mizar                  155,59       56,38      2,5   1,0   1,0  R  B    165,70                 2,23
MAV  7Alkaid                 166,82       54,39      3,0   1,0   1,0  R  B    176,93                 1,85
COB  1Alphecca               212,18       44,32      2,5   1,0   1,0  R  B    222,30                 2,21
COB  2Nusakan                209,00       46,05      2,0   1,0   1,0  R  B    219,12                 3,66
COB  3? Corona borealis      214,76       44,51      2,0   1,0   1,0  R  B    224,87                 3,81
COB  4? Corona borealis      216,91       44,76      1,5   1,0   1,0  R  B    227,03                 4,60
COB  5? Corona borealis      219,00       46,07      1,5   1,0   1,0  R  B    229,12                 4,14
LYR  1Vega                   275,20       61,73      3,5   1,0   1,0  R  B    285,32                 0,00
LYR  2Sheliak                278,77       55,98      2,0   1,0   1,0  R  B    288,88                 3,50
LYR  3Sulaphat               281,81       55,01      2,0   1,0   1,0  R  B    291,92                 3,25
LYR  4?² Lyra                281,55       59,32      1,5   1,0   1,0  R  B    291,67                 4,20
LYR  5Nasr Alwaki I          277,99       60,34      1,5   1,0   1,0  R  B    288,11                 4,30
CYG  1Deneb                  325,22       59,91      3,0   1,0   1,0  R  B    335,33                 1,25
CYG  2Albireo                291,14       48,97      2,0   1,0   1,0  R  B    301,25                 3,35
CYG  3Sadr                   314,73       57,12      2,5   1,0   1,0  R  B    324,84                 2,20
CYG  4Fawaris                306,14       64,41      2,5   1,0   1,0  R  B    316,25                 2,90
CYG  5Gienah                 317,64       49,42      2,5   1,0   1,0  R  B    327,75                 2,45
CYG  6? Cygni                322,93       43,69      2,0   1,0   1,0  R  B    333,04                 3,20
CYG  7? Cygni                302,81       54,27      2,0   1,0   1,0  R  B    312,93                 3,85
CYG  8? Cygni                304,81       73,80      2,0   1,0   1,0  R  B    314,92                 3,80
CYG  9I Cygni                307,86       71,45      2,0   1,0   1,0  R  B    317,97                 3,75
CYG 10?² Cygni               328,50       50,55      2,0   1,0   1,0  R  B    338,61                 3,77
CYG 11µ Cygni                330,34       39,49      1,5   1,0   1,0  R  B    340,46                 4,60
CAS  1Schedar                 27,67       46,62      2,5   1,0   1,0  R  B     37,78                 2,24
CAS  2Caph                    25,01       51,22      2,5   1,0   1,0  R  B     35,12                 2,25
CAS  3? Cassiopeiae           33,82       48,81      2,5   1,0   1,0  R  B     43,93                 2,15
CAS  4Ruchbah                 37,82       46,40      2,5   1,0   1,0  R  B     47,93                 2,66
CAS  5Segin                   44,65       47,55      2,0   1,0   1,0  R  B     54,76                 3,38
BOO  1Arcturus               194,12       30,72      3,5   1,0   1,0  R  B    204,23                 0,15
BOO  2Nekkar                 194,14       54,15      2,0   1,0   1,0  R  B    204,25                 3,49
BOO  3Seginus                187,55       49,55      2,0   1,0   1,0  R  B    197,66                 3,04
BOO  4Thiba                  203,04       48,97      2,0   1,0   1,0  R  B    213,16                 3,46
BOO  5Izar                   197,99       40,62      2,5   1,0   1,0  R  B    208,11                 2,35
BOO  6? Bootes               202,92       27,88      2,0   1,0   1,0  R  B    213,04                 3,78
BOO  7Muphrid                189,22       28,08      2,5   1,0   1,0  R  B    199,34                 2,68
BOO  8? Bootes               192,67       42,45      2,0   1,0   1,0  R  B    202,79                 3,57
ORI  1Betelgeuse              78,64      -16,03      3,5   1,0   1,0  R  B     88,75                 0,42
ORI  2Rigel                   66,71      -31,12      3,5   1,0   1,0  R  B     76,82                 0,18
ORI  3Bellatrix               70,83      -16,82      3,0   1,0   1,0  R  B     80,94                 1,64
ORI  4Mintaka                 72,24      -23,55      2,5   1,0   1,0  R  B     82,36                 2,23
ORI  5Alnilam                 73,34      -24,51      3,0   1,0   1,0  R  B     83,46                 1,65
ORI  6Alnitak                 74,56      -25,29      2,5   1,0   1,0  R  B     84,68                 2,03
ORI  7? Orionis               70,04      -25,53      2,0   1,0   1,0  R  B     80,15                 3,31
ORI  8Hatsya                  72,88      -29,20      2,5   1,0   1,0  R  B     82,99                 2,75
ORI  9Saiph                   76,28      -33,07      2,5   1,0   1,0  R  B     86,39                 2,05
ORI 10Meissa                  73,59      -13,37      2,0   1,0   1,0  R  B     83,70                 3,39
ORI 11? Orionis               80,49      -13,79      1,5   1,0   1,0  R  B     90,60                 4,31
ARI  1Hamal                   27,55        9,96      2,5   1,0   1,0  R  B     37,66                 2,00
ARI  2Sheratan                23,86        8,49      2,5   1,0   1,0  R  B     33,97                 2,64
ARI  3Mesarthim               23,07        7,16      2,0   1,0   1,0  R  B     33,18                 3,88
ARI  4Botein                  38,09       10,45      1,5   1,0   1,0  R  B     48,20                 4,35
TAU  1Aldebarán               59,67       -5,47      3,0   1,0   1,0  R  B     69,78                 1,18
TAU  2Elnath                  72,46        5,38      3,0   1,0   1,0  R  B     82,57                 1,68
TAU  3Hyadum I                55,69       -5,73      2,0   1,0   1,0  R  B     65,80                 3,65
TAU  4Hyadum II               56,75       -3,97      2,0   1,0   1,0  R  B     66,87                 3,77
TAU  5? Tauri                 58,35       -2,57      2,0   1,0   1,0  R  B     68,46                 3,53
TAU  6Al Hecka                74,67       -2,20      2,5   1,0   1,0  R  B     84,78                 2,97
TAU  7Alcyone                 49,87        4,05      2,5   1,0   1,0  R  B     59,99                 2,85
TAU  8?¹ Tauri                57,84       -5,75      2,0   1,0   1,0  R  B     67,95                 3,85
TAU  9?² Tauri                57,84       -5,84      2,0   1,0   1,0  R  B     67,96                 3,41
TAU 10o Tauri                 41,04       -9,33      2,0   1,0   1,0  R  B     51,16                 3,60
TAU 11? Tauri                 50,51       -7,96      2,0   1,0   1,0  R  B     60,63                 3,41
GEM  1Castor                 100,12       10,10      3,0   1,0   1,0  R  B    110,24                 1,58
GEM  2Pollux                 103,10        6,68      3,0   1,0   1,0  R  B    113,21                 1,15
GEM  3Alhena                  88,99       -6,74      3,0   1,0   1,0  R  B     99,10                 1,93
GEM  4Wasat                   98,40       -0,18      2,0   1,0   1,0  R  B    108,52                 3,50
GEM  5Mebsuta                 89,82        2,07      2,5   1,0   1,0  R  B     99,94                 2,98
GEM  6Tejat Prior             83,32       -0,89      2,0   1,0   1,0  R  B     93,43                 3,20
GEM  7?  Geminorum            98,84        5,76      2,0   1,0   1,0  R  B    108,95                 3,80
GEM  8? Geminorum            103,55        3,08      2,0   1,0   1,0  R  B    113,66                 3,57
GEM  9? Geminorum             98,66       -5,64      2,0   1,0   1,0  R  B    108,78                 3,58
GEM 10Tejat Posterior         85,18       -0,82      2,5   1,0   1,0  R  B     95,30                 2,87
GEM 11Alzirr                  91,09      -10,10      2,0   1,0   1,0  R  B    101,21                 3,35
CAN  1Acubens                123,53       -5,08      1,5   1,0   1,0  R  B    133,64                 4,25
CAN  2Altarf                 114,14      -10,29      2,0   1,0   1,0  R  B    124,26                 3,50
CAN  3Asellus Borealis       117,42        3,19      1,5   1,0   1,0  R  B    127,54                 4,67
CAN  4Asellus Australis      118,61        0,08      2,0   1,0   1,0  R  B    128,72                 3,94
CAN  5Tegmen                 111,23       -2,27      1,5   1,0   1,0  R  B    121,34                 4,64
CAN  6?  Cancri              116,23       10,43      1,5   1,0   1,0  R  B    126,34                 4,02
LEO  1Regulus                139,71        0,46      3,0   1,0   1,0  R  B    149,83                 1,35
LEO  2Denebola               161,50       12,27      2,5   1,0   1,0  R  B    171,62                 2,14
LEO  3Algieba                139,50        8,82      2,5   1,0   1,0  R  B    149,62                 2,21
LEO  4Duhr o Zosma           151,21       14,33      2,5   1,0   1,0  R  B    161,32                 2,56
LEO  5Ras Elased Australis   130,59        9,72      2,5   1,0   1,0  R  B    140,70                 2,98
LEO  6Adhafera               137,45       11,87      2,0   1,0   1,0  R  B    147,57                 3,44
LEO  7? Leonis               137,79        4,87      2,0   1,0   1,0  R  B    147,91                 3,52
LEO  8Chort                  137,79        4,87      2,0   1,0   1,0  R  B    147,91                 3,33
LEO  9Alterf                 127,76        7,89      1,5   1,0   1,0  R  B    137,87                 4,30
LEO 10Ras Elased Borealis    131,31       12,35      1,5   1,0   1,0  R  B    141,43                 4,10
VIR  1Spica                  193,73       -2,05      3,0   1,0   1,0  R  B    203,85                 1,04
VIR  2Zavijah                167,06        0,69      2,0   1,0   1,0  R  B    177,17                 3,61
VIR  3Porrima                180,03        2,79      2,5   1,0   1,0  R  B    190,14                 2,74
VIR  4Auva                   181,35        8,61      2,0   1,0   1,0  R  B    191,46                 3,38
VIR  5Vindemiatrix           179,83       16,21      2,5   1,0   1,0  R  B    189,94                 2,83
VIR  6Heze                   192,02        8,64      2,0   1,0   1,0  R  B    202,14                 3,37
VIR  7Zaniah                 174,72        1,37      2,0   1,0   1,0  R  B    184,84                 3,89
VIR  8Syrma                  203,69        7,20      1,5   1,0   1,0  R  B    213,80                 4,10
VIR  9Rijl al Awwa           210,02        9,67      2,0   1,0   1,0  R  B    220,14                 3,90
LIB  1Zubenelgenubi          214,92        0,36      2,5   1,0   1,0  R  B    225,03                 2,74
LIB  2Zubeneschamali         219,26        8,50      2,5   1,0   1,0  R  B    229,38                 2,61
LIB  3Zuben akrabi           220,58       -7,64      2,0   1,0   1,0  R  B    230,69                 3,93
LIB  4Zubenhakrabi           225,03        4,39      2,0   1,0   1,0  R  B    235,14                 3,25
LIB  5? Librae               228,50       -8,51      2,0   1,0   1,0  R  B    238,62                 3,61
SCO  1Antares                239,65       -4,57      3,0   1,0   1,0  R  B    249,77                 1,09
SCO  2Acrab                  233,08        1,01      2,5   1,0   1,0  R  B    243,20                 2,60
SCO  3Dschubba               232,46       -1,99      2,5   1,0   1,0  R  B    242,58                 2,10
SCO  4Wei                    245,22      -11,74      2,5   1,0   1,0  R  B    255,34                 2,29
SCO  5?¹ Scorpii             247,01      -19,66      1,5   1,0   1,0  R  B    257,13                 4,73
SCO  6? Scorpii              250,63      -20,18      2,0   1,0   1,0  R  B    260,75                 3,33
SCO  7Sargas                 255,49      -19,64      3,0   1,0   1,0  R  B    265,60                 1,86
SCO  8?¹ Scorpii             257,41      -16,71      2,5   1,0   1,0  R  B    267,53                 2,99
SCO  9?² Scorpii             257,93      -16,67      1,5   1,0   1,0  R  B    268,05                 4,78
SCO 10Shaula                 254,48      -13,79      3,0   1,0   1,0  R  B    264,59                 1,62
SCO 11Girtab                 257,41      -16,71      2,5   1,0   1,0  R  B    267,53                 2,37
SCO 12Grafias                231,20        9,23      1,5   1,0   1,0  R  B    241,31                 4,32
SCO 13?¹ Scorpii             246,05      -15,42      2,5   1,0   1,0  R  B    256,16                 2,98
SCO 14Jabbah                 234,54        1,63      1,5   1,0   1,0  R  B    244,65                 6,50
SCO 15? Scorpii              237,33       -2,65      1,5   1,0   1,0  R  B    247,44                 4,55
SCO 16? Scorpii              232,83       -5,48      2,5   1,0   1,0  R  B    242,95                 2,89
SCO 17? Scorpii              233,04       -8,60      2,0   1,0   1,0  R  B    243,15                 3,86
SCO 18Al Niyat               241,35       -6,12      2,5   1,0   1,0  R  B    251,46                 2,90
SCO 19? Scorpii              241,35       -6,12      2,5   1,0   1,0  R  B    251,46                 2,82
SCO 20Lesath                 253,90      -14,01      2,5   1,0   1,0  R  B    264,02                 2,82
SAG  1Rukbat                 276,52      -18,38      2,0   1,0   1,0  R  B    286,64                 3,97
SAG  2Arkab Prior            275,67      -22,14      2,0   1,0   1,0  R  B    285,78                 3,96
SAG  3Arkab Posterior        275,72      -22,50      1,5   1,0   1,0  R  B    285,83                 4,28
SAG  4?¹ Sagittarii          261,15       -6,99      1,5   1,0   1,0  R  B    271,27                 4,66
SAG  5Alnasl                 261,15       -6,99      2,5   1,0   1,0  R  B    271,26                 2,98
SAG  6Kaus Medius            264,47       -6,47      2,5   1,0   1,0  R  B    274,59                 2,72
SAG  7Kaus Australis         264,97      -11,05      3,0   1,0   1,0  R  B    275,08                 1,79
SAG  8Askella                273,53       -7,18      2,5   1,0   1,0  R  B    283,64                 2,60
SAG  9? Sagittarii           263,52      -13,38      2,0   1,0   1,0  R  B    273,63                 3,10
SAG 10? Sagittarii           282,45      -20,66      1,5   1,0   1,0  R  B    292,56                 4,13
SAG 11Kaus Borealis          266,21       -2,14      2,5   1,0   1,0  R  B    276,32                 2,81
SAG 12Polis                  263,10        2,34      2,0   1,0   1,0  R  B    273,22                 3,84
SAG 13? Sagittarii           274,88       -0,86      2,0   1,0   1,0  R  B    285,00                 3,77
SAG 14Albaldah               276,14        1,44      2,5   1,0   1,0  R  B    286,25                 2,88
SAG 15?¹ Sagittarii          279,34        4,22      3,5   1,0   1,0  R  B    289,46                 0,26
SAG 16Nunki                  272,27       -3,45      2,5   1,0   1,0  R  B    282,39                 2,05
SAG 17? Sagittarii           274,72       -5,09      2,0   1,0   1,0  R  B    284,84                 3,32
CAP  1Al Giedi               293,75        6,93      2,0   1,0   1,0  R  B    303,86                 3,57
CAP  2Dabih                  293,94        4,59      2,0   1,0   1,0  R  B    304,05                 3,05
CAP  3Nashira                311,68       -2,56      2,0   1,0   1,0  R  B    321,79                 3,69
CAP  4Deneb Algedi           313,43       -2,60      2,5   1,0   1,0  R  B    323,54                 2,85
CAP  5? Capricorni           310,08       -4,98      1,5   1,0   1,0  R  B    320,20                 4,50
CAP  6? Capricorni           306,82       -6,99      2,0   1,0   1,0  R  B    316,94                 3,77
CAP  7Armus                  302,63       -2,99      1,5   1,0   1,0  R  B    312,74                 4,86
CAP  8? Capricorni           303,73       -0,59      1,5   1,0   1,0  R  B    313,84                 4,06
CAP  9? Capricorni           307,57       -1,37      1,5   1,0   1,0  R  B    317,68                 4,30
CAP 10? Capricorni           311,53       -4,84      1,5   1,0   1,0  R  B    321,64                 4,74
AQU  1Sadalmelik             323,24       10,66      2,5   1,0   1,0  R  B    333,35                 2,95
AQU  2Sadalsuud              313,28        8,61      2,5   1,0   1,0  R  B    323,39                 2,87
AQU  3Sadachbia              326,60        8,23      2,0   1,0   1,0  R  B    336,71                 3,86
AQU  4Skat                   328,76       -8,19      2,0   1,0   1,0  R  B    338,87                 3,27
AQU  5Albali                 301,61        8,08      2,0   1,0   1,0  R  B    311,72                 3,77
AQU  6? Aquarii              330,29        8,15      1,5   1,0   1,0  R  B    340,40                 4,02
AQU  7Ancha                  323,15        2,71      1,5   1,0   1,0  R  B    333,26                 4,17
AQU  8Hydor                  331,46       -0,39      2,0   1,0   1,0  R  B    341,57                 3,73
AQU  9? Aquarii              306,28        4,76      1,5   1,0   1,0  R  B    316,40                 4,50
AQU 10?  Aquarii             321,99        9,16      1,5   1,0   1,0  R  B    332,11                 4,70
AQU 11? Aquarii              314,00        5,96      1,5   1,0   1,0  R  B    324,12                 4,69
AQU 12? Aquarii              328,48       10,47      1,5   1,0   1,0  R  B    338,60                 4,79
PIS  1Alrisha                 19,26       -9,06      2,0   1,0   1,0  R  B     29,38                 3,81
PIS  2Fum al Samakah         -21,53        9,05      1,5   1,0   1,0  R  B    -11,41                 4,49
PIS  3? Piscium              -18,66        7,34      2,0   1,0   1,0  R  B     -8,54                 3,70
PIS  4? Piscium                4,03        2,18      1,5   1,0   1,0  R  B     14,15                 4,44
PIS  5Kullat Nunu             16,70        5,38      2,0   1,0   1,0  R  B     26,82                 3,62
PIS  6? Piscium              -14,93        9,03      1,5   1,0   1,0  R  B     -4,81                 4,28
PIS  7? Piscium              -12,47        7,15      1,5   1,0   1,0  R  B     -2,35                 4,13
PIS  8? Piscium              -17,21        4,43      1,5   1,0   1,0  R  B     -7,10                 4,94
PIS  9? Piscium              -13,53        3,42      1,5   1,0   1,0  R  B     -3,41                 4,50
PIS 10? Piscium               13,02       -3,06      1,5   1,0   1,0  R  B     23,14                 4,84
PIS 11Torcularis Septentriona 17,63       -1,62      1,5   1,0   1,0  R  B     27,74                 4,27
PIS 12? Piscium               16,80        1,90      1,5   1,0   1,0  R  B     26,91                 5,55
PIS 13? Piscium               16,97        9,40      1,5   1,0   1,0  R  B     27,08                 5,36
PIS 14? Piscium               -7,53        6,36      1,5   1,0   1,0  R  B      2,58                 4,03








































































































































































































































































































































































































































































































































































































































































































































































































































































