MI  1Polaris                 62,56       66,10      3,0  1,0  1,0  R  B  0,5  1,0  R  B    88,5771,58    10,003,51,97
MI  2Yildun                  65,19       69,94      1,5  1,0  1,0  R  B  0,5  0,5  R  B    91,20 186229,711,003,04,35
MI  3? Ursa Minoris          73,12       73,92      1,5  1,0  1,0  L  T  0,5  0,5  R  B    99,14     26,012,002,54,21
MI  4Alifa                   91,39       75,12      1,5  1,0  1,0  R  B  0,5  0,5  R  B   117,40      1,053,002,04,28
MI  5Anwar                   94,30       77,83      1,5  1,0  1,0  R  B  0,5  0,0  L  B   120,31      2,654,001,54,95
MI  6Kochab                 107,31       72,99      2,5  1,0  1,0  R  T  0,5  0,5  L  T   133,32          5,001,52,07
MI  7Pherkad                115,59       75,24      2,0  1,0  1,0  L  T  0,5  0,5  L  T   141,60          6,001,53,00
MA  1Dubhe                  109,18       49,68      3,0  1,0  1,0  R  B  0,5  0,5  L  T   135,20                 1,81
MA  2Merak                  113,42       45,13      2,5  1,0  1,0  R  B  0,5  0,5  L  T   139,44                 2,34
MA  3Megrez                 125,05       51,66      2,0  1,0  1,0  R  B  0,5  0,5  L  T   151,06                 3,32
MA  4Phecda                 124,47       47,14      2,5  1,0  1,0  R  B  0,5  0,5  L  T   150,48                 2,44
MA  5Alioth                 132,92       54,32      3,0  1,0  1,0  R  B  0,5  0,5  L  T   158,93                 1,76
MA  6Mizar                  139,69       56,38      2,5  1,0  1,0  R  B  0,5  0,5  L  B   165,70                 2,23
MA  7Alkaid                 150,92       54,39      3,0  1,0  1,0  R  B  0,5  0,5  L  B   176,93                 1,85
CB  1Alphecca               196,29       44,32      2,5  0,5  0,5  R  B  0,5  0,5  R  B   222,30                 2,21
CB  2Nusakan                193,10       46,05      2,0  0,5  0,5  R  B  0,5  0,5  R  B   219,12                 3,66
CB  3? Corona borealis      198,86       44,51      2,0  0,5  0,5  R  B  0,5  0,5  R  B   224,87                 3,81
CB  4? Corona borealis      201,02       44,76      1,5  0,5  0,5  R  B  0,5  0,5  R  B   227,03                 4,60
CB  5? Corona borealis      203,11       46,07      1,5  0,5  0,5  R  B  0,5  0,5  R  B   229,12                 4,14
LY  1Vega                   259,31       61,73      3,5  1,0  1,0  L  B  0,5  0,5  R  B   285,32                 0,00
LY  2Sheliak                262,87       55,98      2,0  1,0  1,0  R  T  0,5  0,5  R  B   288,88                 3,50
LY  3Sulaphat               265,91       55,01      2,0  1,0  1,0  R  B  0,5  0,5  R  B   291,92                 3,25
LY  4?² Lyra                265,65       59,32      1,5  1,0  1,0  R  B  0,5  0,5  R  B   291,67                 4,20
LY  5Nasr Alwaki I          262,10       60,34      1,5  1,0  1,0  L  B  0,5  0,5  R  B   288,11                 4,30
CY  1Deneb                  309,32       59,91      3,0  1,0  1,0  R  B  1,0  1,0  R  T   335,33                 1,25
CY  2Albireo                275,24       48,97      2,0  1,0  1,0  R  B  1,0  1,5  L  B   301,25                 3,35
CY  3Sadr                   298,83       57,12      2,5  1,0  1,0  R  B  1,0  1,0  R  T   324,84                 2,20
CY  4Fawaris                290,24       64,41      2,5  1,0  1,0  R  B  1,0  1,5  L  B   316,25                 2,90
CY  5Gienah                 301,74       49,42      2,5  1,0  1,0  R  B  1,0  1,5  L  B   327,75                 2,45
CY  6? Cygni                307,03       43,69      2,0  1,0  1,0  R  B  1,0  1,5  L  B   333,04                 3,20
CY  7? Cygni                286,92       54,27      2,0  1,0  1,0  R  B  1,0  1,5  L  B   312,93                 3,85
CY  8? Cygni                288,91       73,80      2,0  1,0  1,0  R  B  1,0  1,0  R  T   314,92                 3,80
CY  9I Cygni                291,96       71,45      2,0  1,0  1,0  R  B  1,0  1,0  R  T   317,97                 3,75
CY 10?² Cygni               312,60       50,55      2,0  1,0  1,0  R  B  1,0  1,5  L  B   338,61                 3,77
CY 11µ Cygni                314,45       39,49      1,5  1,0  1,0  R  B  1,0  1,0  R  T   340,46                 4,60
CS  1Schedar                 11,77       46,62      2,5  1,0  1,0  R  B  0,0  1,5  R  T    37,78                 2,24
CS  2Caph                     9,11       51,22      2,5  1,0  1,0  R  B  0,0  1,5  R  T    35,12                 2,25
CS  3? Cassiopeiae           17,92       48,81      2,5  1,0  1,0  R  B  0,0  1,5  R  T    43,93                 2,15
CS  4Ruchbah                 21,92       46,40      2,5  1,0  1,0  R  B  1,0  2,0  R  T    47,93                 2,66
CS  5Segin                   28,75       47,55      2,0  1,0  1,0  R  B  0,0  1,5  R  T    54,76                 3,38
BO  1Arcturus               178,22       30,72      3,5  1,0  1,0  R  B  0,5  0,5  R  B   204,23                 0,15
BO  2Nekkar                 178,24       54,15      2,0  1,0  1,0  R  B  0,5  0,5  R  B   204,25                 3,49
BO  3Seginus                171,65       49,55      2,0  1,0  1,0  R  B  0,5  0,5  R  B   197,66                 3,04
BO  4Thiba                  187,15       48,97      2,0  1,0  1,0  R  B  0,5  0,5  R  B   213,16                 3,46
BO  5Izar                   182,09       40,62      2,5  1,0  1,0  R  B  0,5  0,5  R  B   208,11                 2,35
BO  6? Bootes               187,03       27,88      2,0  1,0  1,0  R  B  0,5  0,5  L  B   213,04                 3,78
BO  7Muphrid                173,33       28,08      2,5  1,0  1,0  R  B  0,5  0,5  R  B   199,34                 2,68
BO  8? Bootes               176,77       42,45      2,0  1,0  1,0  R  B  0,5  0,5  R  B   202,79                 3,57
OR  1Betelgeuse              62,74      -16,03      3,5  0,5  0,5  R  B  0,5  0,5  R  B    88,75                 0,42
OR  2Rigel                   50,81      -31,12      3,5  0,5  0,5  R  B  0,5  0,5  R  B    76,82                 0,18
OR  3Bellatrix               54,93      -16,82      3,0  0,5  0,5  L  T  0,5  0,5  R  B    80,94                 1,64
OR  4Mintaka                 56,35      -23,55      2,5  0,5  0,5  R  T  0,5  0,5  R  B    82,36                 2,23
OR  5Alnilam                 57,45      -24,51      3,0  0,5  0,5  R  T  0,5  0,5  R  B    83,46                 1,65
OR  6Alnitak                 58,66      -25,29      2,5  0,5  0,5  R  T  0,5  0,5  R  B    84,68                 2,03
OR  7? Orionis               54,14      -25,53      2,0  0,5  0,5  R  B  0,5  0,5  R  B    80,15                 3,31
OR  8Hatsya                  56,98      -29,20      2,5  0,5  0,5  R  T  0,5  0,5  R  B    82,99                 2,75
OR  9Saiph                   60,38      -33,07      2,5  0,5  0,5  R  T  0,5  0,5  R  B    86,39                 2,05
OR 10Meissa                  57,69      -13,37      2,0  0,5  0,5  R  B  0,5  0,5  R  B    83,70                 3,39
OR 11? Orionis               64,59      -13,79      1,5  0,5  0,5  R  B  0,5  0,5  R  B    90,60                 4,31
AR  1Hamal                   11,65        9,96      2,5  0,5  0,5  R  B  3,0  0,0  L  T    37,66                 2,00
AR  2Sheratan                 7,96        8,49      2,5  0,5  0,5  R  B  2,5  0,0  L  T    33,97                 2,64
AR  3Mesarthim                7,17        7,16      2,0  0,5  0,5  R  B  2,5  0,0  L  T    33,18                 3,88
AR  4Botein                  22,19       10,45      1,5  0,5  1,0  R  B  0,5  0,0  L  B    48,20                 4,35
TA  1Aldebarán               43,77       -5,47      3,0  0,5  1,0  R  B  0,5  1,0  R  B    69,78                 1,18
TA  2Elnath                  56,56        5,38      3,0  0,5  1,0  R  B  0,5  0,5  R  B    82,57                 1,68
TA  3Hyadum I                39,79       -5,73      2,0  0,5  1,0  R  T  0,5  0,5  R  B    65,80                 3,65
TA  4Hyadum II               40,85       -3,97      2,0  0,5  1,0  R  B  0,5  0,5  R  B    66,87                 3,77
TA  5? Tauri                 42,45       -2,57      2,0  0,5  1,0  R  T  0,5  0,5  R  B    68,46                 3,53
TA  6Al Hecka                58,77       -2,20      2,5  0,5  1,0  R  B  0,5  0,5  R  B    84,78                 2,97
TA  7Alcyone                 33,98        4,05      2,5  0,5  1,0  R  B  0,5  0,5  R  B    59,99                 2,85
TA  8?¹ Tauri                41,94       -5,75      2,0  0,5  1,5  L  B  0,5  0,5  R  B    67,95                 3,85
TA  9?² Tauri                41,95       -5,84      2,0  0,5  1,0  R  B  0,5  0,5  R  B    67,96                 3,41
TA 10o Tauri                 25,15       -9,33      2,0  0,5  1,0  R  B  0,5  0,5  R  B    51,16                 3,60
TA 11? Tauri                 34,62       -7,96      2,0  0,5  1,0  R  B  0,5  0,5  R  B    60,63                 3,41
GE  1Castor                  84,22       10,10      3,0  1,0  1,0  R  B  0,5  0,5  R  B   110,24                 1,58
GE  2Pollux                  87,20        6,68      3,0  1,0  1,0  R  T  0,5  0,5  R  B   113,21                 1,15
GE  3Alhena                  73,09       -6,74      3,0  1,0  1,0  R  T  0,5  0,5  R  B    99,10                 1,93
GE  4Wasat                   82,50       -0,18      2,0  1,0  1,0  R  B  0,5  0,5  R  B   108,52                 3,50
GE  5Mebsuta                 73,92        2,07      2,5  1,0  1,0  R  B  0,5  0,5  R  B    99,94                 2,98
GE  6Tejat Prior             67,42       -0,89      2,0  1,0  1,0  L  T  0,5  0,5  R  B    93,43                 3,20
GE  7?  Geminorum            82,94        5,76      2,0  1,0  1,0  R  T  0,5  0,5  R  B   108,95                 3,80
GE  8? Geminorum             87,65        3,08      2,0  1,0  1,0  R  T  0,5  0,5  R  B   113,66                 3,57
GE  9? Geminorum             82,76       -5,64      2,0  1,0  1,0  L  B  0,5  0,5  R  B   108,78                 3,58
GE 10Tejat Posterior         69,29       -0,82      2,5  1,0  1,0  R  T  0,5  0,5  R  B    95,30                 2,87
GE 11Alzirr                  75,19      -10,10      2,0  1,0  1,0  R  T  0,5  0,5  R  B   101,21                 3,35
CR  1Acubens                107,63       -5,08      1,5  1,0  1,0  R  B  0,5  0,5  R  B   133,64                 4,25
CR  2Altarf                  98,24      -10,29      2,0  1,0  1,0  R  B  0,5  0,5  R  B   124,26                 3,50
CR  3Asellus Borealis       101,53        3,19      1,5  1,0  1,0  L  T  0,5  0,5  R  B   127,54                 4,67
CR  4Asellus Australis      102,71        0,08      2,0  1,0  1,0  R  B  0,5  0,5  R  B   128,72                 3,94
CR  5Tegmen                  95,33       -2,27      1,5  1,0  1,0  R  B  0,5  0,5  R  B   121,34                 4,64
CR  6?  Cancri              100,33       10,43      1,5  1,0  1,0  R  B  0,5  0,5  R  B   126,34                 4,02
LE  1Regulus                123,82        0,46      3,0  1,0  1,0  R  B  0,5  0,5  R  B   149,83                 1,35
LE  2Denebola               145,61       12,27      2,5  1,0  1,0  R  B  0,5  0,5  R  B   171,62                 2,14
LE  3Algieba                123,61        8,82      2,5  1,0  1,0  R  B  0,5  0,5  R  B   149,62                 2,21
LE  4Duhr o Zosma           135,31       14,33      2,5  1,0  1,0  R  B  0,5  0,5  R  B   161,32                 2,56
LE  5Ras Elased Australis   114,69        9,72      2,5  1,0  1,0  R  B  0,5  0,5  R  B   140,70                 2,98
LE  6Adhafera               121,55       11,87      2,0  1,0  1,0  R  B  0,5  0,5  R  B   147,57                 3,44
LE  7? Leonis               121,89        4,87      2,0  1,0  1,0  R  B  0,5  0,5  R  B   147,91                 3,52
LE  8Chort                  121,89        4,87      2,0  1,0  1,0  R  B  0,5  0,5  R  B   147,91                 3,33
LE  9Alterf                 111,86        7,89      1,5  1,0  1,0  R  B  0,5  0,5  R  B   137,87                 4,30
LE 10Ras Elased Borealis    115,42       12,35      1,5  1,0  1,0  R  B  0,5  0,5  R  B   141,43                 4,10
VI  1Spica                  177,83       -2,05      3,0  1,0  1,0  R  T  0,0  1,0  L  T   203,85                 1,04
VI  2Zavijah                151,16        0,69      2,0  1,0  1,0  R  B  0,5  0,5  R  B   177,17                 3,61
VI  3Porrima                164,13        2,79      2,5  1,0  1,0  R  B  0,5  0,5  L  B   190,14                 2,74
VI  4Auva                   165,45        8,61      2,0  1,0  1,0  R  B  0,5  0,5  L  B   191,46                 3,38
VI  5Vindemiatrix           163,93       16,21      2,5  1,0  1,0  R  B  0,5  0,5  R  B   189,94                 2,83
VI  6Heze                   176,13        8,64      2,0  0,5  1,0  R  T  0,5  0,5  L  T   202,14                 3,37
VI  7Zaniah                 158,82        1,37      2,0  1,0  1,0  R  B  0,5  0,5  L  B   184,84                 3,89
VI  8Syrma                  187,79        7,20      1,5  1,0  1,0  R  B  0,5  0,5  L  B   213,80                 4,10
VI  9Rijl al Awwa           194,13        9,67      2,0  1,0  1,0  R  B  0,5  0,5  L  T   220,14                 3,90
LI  1Zubenelgenubi          199,02        0,36      2,5  1,0  1,0  R  B  0,5  0,5  L  B   225,03                 2,74
LI  2Zubeneschamali         203,37        8,50      2,5  1,0  1,0  R  B  0,5  0,5  L  B   229,38                 2,61
LI  3Zuben akrabi           204,68       -7,64      2,0  1,0  1,0  R  B  0,5  0,5  L  T   230,69                 3,93
LI  4Zubenhakrabi           209,13        4,39      2,0  1,0  1,0  R  B  0,5  0,5  R  T   235,14                 3,25
LI  5? Librae               212,60       -8,51      2,0  1,0  1,0  R  B  0,5  0,5  R  B   238,62                 3,61
SC  1Antares                223,76       -4,57      3,0  1,0  1,0  L  B  0,5  0,5  R  B   249,77                 1,09
SC  2Acrab                  217,18        1,01      2,5  1,0  1,0  R  B  0,5  0,5  R  B   243,20                 2,60
SC  3Dschubba               216,57       -1,99      2,5  1,0  1,0  R  B  0,5  0,5  R  B   242,58                 2,10
SC  4Wei                    229,33      -11,74      2,5  1,0  1,0  R  B  0,5  0,5  R  B   255,34                 2,29
SC  5?¹ Scorpii             231,12      -19,66      1,5  1,0  1,0  L  B  0,5  0,5  R  B   257,13                 4,73
SC  6? Scorpii              234,74      -20,18      2,0  1,0  1,0  R  B  0,5  0,5  R  B   260,75                 3,33
SC  7Sargas                 239,59      -19,64      3,0  1,0  1,0  R  B  0,5  0,5  R  B   265,60                 1,86
SC  8?¹ Scorpii             241,52      -16,71      2,5  1,0  1,0  R  B  0,5  0,5  R  B   267,53                 2,99
SC  9?² Scorpii             242,03      -16,67      1,5  1,0  1,0  L  T  0,5  0,5  R  B   268,05                 4,78
SC 10Shaula                 238,58      -13,79      3,0  1,0  1,0  R  B  0,5  0,5  R  B   264,59                 1,62
SC 11Girtab                 241,52      -16,71      2,5  1,0  1,0  R  B  0,5  0,5  R  B   267,53                 2,37
SC 12Grafias                215,30        9,23      1,5  1,0  1,0  R  B  0,5  0,5  R  B   241,31                 4,32
SC 13?¹ Scorpii             230,15      -15,42      2,5  1,0  1,0  R  B  0,5  0,5  R  B   256,16                 2,98
SC 14Jabbah                 218,64        1,63      1,5  1,0  1,0  R  T  0,5  0,5  R  B   244,65                 6,50
SC 15? Scorpii              221,43       -2,65      1,5  1,0  1,0  R  T  0,5  0,5  R  B   247,44                 4,55
SC 16? Scorpii              216,93       -5,48      2,5  1,0  1,0  R  T  0,5  0,5  R  B   242,95                 2,89
SC 17? Scorpii              217,14       -8,60      2,0  1,0  1,0  R  B  0,5  0,5  R  B   243,15                 3,86
SC 18Al Niyat               225,45       -6,12      2,5  1,0  1,0  R  B  0,5  0,5  R  B   251,46                 2,90
SC 19? Scorpii              225,45       -6,12      2,5  1,0  1,0  R  B  0,5  0,5  R  B   251,46                 2,82
SC 20Lesath                 238,01      -14,01      2,5  1,0  1,0  L  B  0,5  0,5  R  B   264,02                 2,82
SG  1Rukbat                 260,63      -18,38      2,0  1,0  1,0  R  B  0,5  0,5  R  B   286,64                 3,97
SG  2Arkab Prior            259,77      -22,14      2,0  1,0  1,0  L  T  0,5  0,5  R  B   285,78                 3,96
SG  3Arkab Posterior        259,82      -22,50      1,5  1,0  1,0  R  B  0,5  0,5  R  B   285,83                 4,28
SG  4?¹ Sagittarii          245,25       -6,99      1,5  1,0  1,0  R  B  0,5  0,5  R  B   271,27                 4,66
SG  5Alnasl                 245,25       -6,99      2,5  1,0  1,0  L  B  0,5  0,5  R  B   271,26                 2,98
SG  6Kaus Medius            248,57       -6,47      2,5  0,5  1,0  R  B  0,5  0,5  R  B   274,59                 2,72
SG  7Kaus Australis         249,07      -11,05      3,0  1,0  1,0  R  B  0,5  0,5  R  B   275,08                 1,79
SG  8Askella                257,63       -7,18      2,5  1,0  1,0  R  B  0,5  0,5  R  B   283,64                 2,60
SG  9? Sagittarii           247,62      -13,38      2,0  1,0  1,0  R  B  0,5  0,5  R  B   273,63                 3,10
SG 10? Sagittarii           266,55      -20,66      1,5  1,0  1,0  R  B  0,5  0,5  R  B   292,56                 4,13
SG 11Kaus Borealis          250,31       -2,14      2,5  1,0  1,0  R  T  0,5  0,5  R  B   276,32                 2,81
SG 12Polis                  247,21        2,34      2,0  1,0  1,0  R  B  0,5  0,5  R  B   273,22                 3,84
SG 13? Sagittarii           258,99       -0,86      2,0  1,0  1,0  L  B  0,5  0,5  R  B   285,00                 3,77
SG 14Albaldah               260,24        1,44      2,5  1,0  1,0  R  B  0,5  0,5  R  B   286,25                 2,88
SG 15?¹ Sagittarii          263,44        4,22      3,5  1,0  1,0  R  B  0,5  0,5  R  B   289,46                 0,26
SG 16Nunki                  256,38       -3,45      2,5  1,0  1,0  R  T  0,5  0,5  R  B   282,39                 2,05
SG 17? Sagittarii           258,83       -5,09      2,0  1,0  1,0  R  B  0,5  0,5  R  B   284,84                 3,32
CP  1Al Giedi               277,85        6,93      2,0  0,5  0,5  R  B  0,5  0,5  R  B   303,86                 3,57
CP  2Dabih                  278,04        4,59      2,0  0,5  0,5  R  B  0,5  0,5  R  B   304,05                 3,05
CP  3Nashira                295,78       -2,56      2,0  0,5  0,5  R  B  0,5  0,5  R  B   321,79                 3,69
CP  4Deneb Algedi           297,53       -2,60      2,5  0,5  0,5  R  B  0,5  0,5  R  B   323,54                 2,85
CP  5? Capricorni           294,19       -4,98      1,5  0,5  0,5  R  B  0,5  0,5  R  B   320,20                 4,50
CP  6? Capricorni           290,93       -6,99      2,0  0,5  0,5  R  B  0,5  0,5  R  B   316,94                 3,77
CP  7Armus                  286,73       -2,99      1,5  0,5  0,5  R  B  0,5  0,5  R  B   312,74                 4,86
CP  8? Capricorni           287,83       -0,59      1,5  0,5  0,5  R  B  0,5  0,5  R  B   313,84                 4,06
CP  9? Capricorni           291,67       -1,37      1,5  0,5  0,5  R  B  0,5  0,5  R  B   317,68                 4,30
CP 10? Capricorni           295,63       -4,84      1,5  0,5  0,5  R  B  0,5  0,5  R  B   321,64                 4,74
AQ  1Sadalmelik             307,34       10,66      2,5  1,0  1,0  R  B  0,5  0,5  R  B   333,35                 2,95
AQ  2Sadalsuud              297,38        8,61      2,5  1,0  1,0  R  B  0,5  0,5  R  B   323,39                 2,87
AQ  3Sadachbia              310,70        8,23      2,0  1,0  1,0  R  B  0,5  0,5  R  B   336,71                 3,86
AQ  4Skat                   312,86       -8,19      2,0  1,0  1,0  R  B  0,5  0,5  R  B   338,87                 3,27
AQ  5Albali                 285,71        8,08      2,0  1,0  1,0  L  B  0,5  0,5  R  B   311,72                 3,77
AQ  6? Aquarii              314,39        8,15      1,5  1,0  1,0  R  B  0,5  0,5  R  B   340,40                 4,02
AQ  7Ancha                  307,25        2,71      1,5  1,0  1,0  R  B  0,5  0,5  R  B   333,26                 4,17
AQ  8Hydor                  315,56       -0,39      2,0  1,0  1,0  R  T  0,5  0,5  R  B   341,57                 3,73
AQ  9? Aquarii              290,39        4,76      1,5  1,0  1,0  R  B  0,5  0,5  R  B   316,40                 4,50
AQ 10?  Aquarii             306,09        9,16      1,5  1,0  1,0  L  B  0,5  0,5  R  B   332,11                 4,70
AQ 11? Aquarii              298,11        5,96      1,5  1,0  1,0  R  B  0,5  0,5  R  B   324,12                 4,69
AQ 12? Aquarii              312,58       10,47      1,5  1,0  1,0  R  T  0,5  0,5  R  B   338,60                 4,79
PI  1Alrisha                  3,37       -9,06      2,0  1,0  1,0  R  B  2,0  1,0  L  B    29,38                 3,81
PI  2Fum al Samakah         -37,43        9,05      1,5  1,0  1,0  R  B  2,0  0,0  L  B   -11,41                 4,49
PI  3? Piscium              -34,55        7,34      2,0  1,0  1,0  R  B  2,0  0,5  L  B    -8,54                 3,70
PI  4? Piscium              -11,86        2,18      1,5  1,0  1,0  R  B  2,0  1,0  L  B    14,15                 4,44
PI  5? Piscium (Kullat Nunu)  0,80        5,38      2,0  1,0  1,0  R  B  2,0  1,5  L  T    26,82                 3,62
PI  6? Piscium              -30,82        9,03      1,5  1,0  1,0  R  B  2,0  0,5  L  B    -4,81                 4,28
PI  7? Piscium              -28,37        7,15      1,5  1,0  1,0  R  T  2,0  0,5  L  B    -2,35                 4,13
PI  8? Piscium              -33,11        4,43      1,5  1,0  1,0  R  T  2,0  0,5  L  B    -7,10                 4,94
PI  9? Piscium              -29,42        3,42      1,5  1,0  1,0  R  B  2,0  0,5  L  B    -3,41                 4,50
PI 10? Piscium               -2,88       -3,06      1,5  1,0  1,0  R  B  2,5  1,0  L  T    23,14                 4,84
PI 11Torcularis Septentriona  1,73       -1,62      1,5  1,0  1,0  R  B  3,0  1,0  L  B    27,74                 4,27
PI 12? Piscium                0,90        1,90      1,5  1,0  1,0  R  B  3,0  1,0  L  B    26,91                 5,55
PI 13? Piscium                1,07        9,40      1,5  1,0  1,0  R  B  2,0  1,0  L  T    27,08                 5,36
PI 14? Piscium              -23,43        6,36      1,5  1,0  1,0  R  T  2,0  1,0  L  B     2,58                 4,03








































































































































































































































































































































































































































































































































































































































































































































































































































































